0
1
2
5
6
7
8
9
19
20
21
22
23
26
27
28
29
30
33
34
35
36
37
38
39
40
41
45
46
47
48
49
50
51
52
53
57
58
59
60
61
64
65
66
67
68
72
73
74
75
76
78
79
80
81
82
86
87
88
89
90
94
95
96
97
98
101
102
103
104
105
109
110
111
112
113
114
115
116
117
118
122
123
124
125
126
129
130
131
132
133
140
141
142
143
144
145
146
147
148
152
153
154
155
156
159
160
161
162
163
167
168
169
170
171
174
175
176
177
178
182
183
184
185
186
189
190
191
192
193
194
195
196
197
198
202
203
204
205
206
207
208
209
210
211
216
217
218
219
220
227
228
229
230
231
236
237
238
239
240
247
248
249
250
251
255
256
257
258
259
264
265
266
267
268
271
272
273
274
275
278
279
280
281
282
285
286
287
288
289
293
294
295
296
297
305
306
307
308
309
316
317
318
319
320
324
325
326
327
328
331
332
333
334
335
337
338
339
340
341
345
346
347
348
349
350
351
352
353
354
356
357
358
359
360
361
362
363
364
365
369
370
371
372
373
377
378
379
380
381
384
385
386
387
388
392
393
394
395
396
397
398
399
400
404
405
406
407
408
409
410
411
412
413
416
417
418
419
420
423
424
425
428
429
430
431
432
433
434
441
442
443
444
445
446
447
448
449
450
451
452
453
454
455
456
457
458
459
465
466
467
468
469
473
474
475
476
477
481
482
483
484
485
489
490
491
492
493
498
499
500
501
502
506
507
508
509
510
520
521
522
523
524
527
528
529
530
531
538
539
540
541
542
543
544
545
546
550
551
552
553
554
561
562
563
564
565
575
576
577
578
579
581
582
583
584
585
590
591
592
593
594
601
602
603
604
605
615
616
617
618
619
622
623
624
625
626
628
629
630
631
632
636
637
638
639
640
644
645
646
647
648
651
652
653
654
655
659
660
661
662
663
665
666
667
668
669
672
673
674
675
676
679
680
681
682
683
684
685
686
687
688
690
691
692
693
694
698
699
700
701
702
707
708
709
710
711
714
715
716
717
718
722
723
724
725
726
728
729
730
731
732
735
736
737
738
739
743
744
745
746
747
748
749
750
751
752
755
756
757
758
759
763
764
765
766
767
774
775
776
777
778
786
787
788
789
790
797
798
799
800
801
802
803
804
805
806
810
811
812
813
814
817
818
819
820
821
823
824
825
828
829
830
831
832
833
834
841
842
843
844
845
850
851
852
853
854
862
863
864
865
866
871
872
873
874
875
877
878
879
880
881
885
886
887
888
889
893
894
895
896
897
900
901
902
903
904
909
910
911
912
913
917
918
919
920
921
926
927
928
929
930
931
932
933
934
935
942
943
944
945
946
949
950
951
952
953
957
958
959
960
961
965
966
967
968
969
973
974
975
976
977
981
982
983
984
985
988
989
990
991
992
1002
1003
1004
1005
1006
1010
1011
1012
1013
1014
1017
1018
1019
1020
1021
1023
1024
1025
1026
1027
1028
1029
1030
1031
1035
1036
1037
1038
1039
1042
1043
1044
1045
1046
1048
1049
1050
1051
1052
1059
1060
1061
1062
1063
1067
1068
1069
1072
1073
1074
1075
1076
1077
1078
1082
1083
1084
1085
1086
1091
1092
1093
1094
1095
1099
1100
1101
1102
1103
1109
1110
1111
1112
1113
1123
1124
1125
1126
1127
1135
1136
1137
1138
1139
1146
1147
1148
1149
1150
1151
1152
1153
1154
1155
1158
1159
1160
1161
1162
1168
1169
1170
1171
1172
1177
1178
1179
1180
1181
1186
1187
1188
1189
1190
1191
1192
1193
1194
1195
1199
1200
1201
1202
1203
1207
1208
1209
1210
1211
1213
1214
1215
1216
1217
1225
1226
1227
1228
1229
1230
1231
1232
1233
1234
1239
1240
1241
1242
1243
1248
1249
1250
1251
1252
1255
1256
1257
1258
1259
1261
1262
1263
1264
1265
1267
1268
1269
1270
1271
1275
1276
1277
1278
1279
1286
1287
1288
1289
1290
1297
1298
1299
1300
1301
1304
1305
1306
1307
1308
1312
1313
1314
1315
1316
1321
1322
1323
1324
1325
1326
1327
1328
1329
1330
1338
1339
1340
1341
1342
1343
1344
1345
1346
1347
1351
1352
1353
1354
1355
1356
1357
1358
1359
1360
1362
1363
1364
1365
1366
1368
1369
1370
1371
1372
1376
1377
1378
1379
1380
1383
1384
1385
1386
1387
1389
1390
1391
1392
1393
1400
1401
1402
1403
1404
1412
1413
1414
1415
1416
1419
1420
1421
1424
1425
1426
1427
1428
1429
1430
1434
1435
1436
1437
1438
1441
1442
1443
1444
1445
1449
1450
1451
1452
1453
1457
1458
1459
1460
1461
1464
1465
1466
1467
1468
1475
1476
1477
1478
1479
1482
1483
1484
1485
1486
1494
1495
1496
1497
1498
1500
1501
1502
1503
1504
1511
1512
1513
1514
1515
1518
1519
1520
1521
1522
1529
1530
1531
1532
1533
1538
1539
1540
1541
1542
1547
1548
1549
1550
1551
1552
1553
1554
1555
1556
1561
1562
1563
1564
1565
1571
1572
1573
1574
1575
1580
1581
1582
1583
1584
1585
1586
1587
1588
1589
1593
1594
1595
1596
1597
1602
1603
1604
1605
1606
1609
1610
1611
1612
1613
1617
1618
1619
1620
1621
1622
1623
1624
1625
1629
1630
1631
1632
1633
1637
1638
1639
1640
1641
1645
1646
1647
1648
1649
1650
1651
1652
1653
1656
1657
1658
1659
1660
1667
1668
1669
1670
1671
1674
1675
1676
1677
1678
1682
1683
1684
1685
1686
1688
1689
1690
1691
1692
1702
1703
1704
1705
1706
1710
1711
1712
1715
1716
1717
1718
1719
1720
1721
1728
1729
1730
1731
1732
1739
1740
1741
1742
1743
1747
1748
1749
1750
1751
1754
1755
1756
1757
1758
1762
1763
1764
1765
1766
1770
1771
1772
1773
1774
1777
1778
1779
1780
1781
1787
1788
1789
1790
1791
1794
1795
1796
1797
1798
1802
1803
1804
1805
1806
1811
1812
1813
1814
1815
1819
1820
1821
1822
1823
1827
1828
1829
1830
1831
1835
1836
1837
1838
1839
1843
1844
1845
1846
1847
1854
1855
1856
1857
1858
1863
1864
1865
1866
1867
1872
1873
1874
1875
1876
1879
1880
1881
1882
1883
1891
1892
1893
1894
1895
1899
1900
1901
1902
1903
1907
1908
1909
1910
1911
1915
1916
1917
1918
1919
1923
1924
1925
1926
1927
1937
1938
1939
1940
1941
1945
1946
1947
1948
1949
1950
1951
1952
1953
1961
1962
1963
1964
1965
1968
1969
1970
1971
1972
1976
1977
1978
1979
1980
1982
1983
1984
1985
1986
1987
1988
1989
1990
1997
1998
1999
2000
2001
2005
2006
2007
2010
2011
2012
2013
2014
2015
2016
2020
2021
2022
2023
2024
2028
2029
2030
2031
2032
2040
2041
2042
2043
2044
2046
2047
2048
2049
2050
2057
2058
2059
2060
2061
2063
2064
2065
2068
2069
2070
2071
2072
2073
2074
2078
2079
2080
2081
2082
2089
2090
2091
2092
2093
2100
2101
2102
2103
2104
2108
2109
2110
2111
2112
2113
2114
2115
2116
2117
2124
2125
2126
2127
2128
2133
2134
2135
2136
2137
2142
2143
2144
2145
2146
2150
2151
